posns out.distrib
1 -1000 0
2 -999 0
3 -998 0
4 -997 0
5 -996 0
6 -995 0
7 -994 0
8 -993 0
9 -992 0
10 -991 0
11 -990 0
12 -989 0
13 -988 0
14 -987 0
15 -986 0
16 -985 0
17 -984 0
18 -983 0
19 -982 0
20 -981 0
21 -980 0
22 -979 0
23 -978 0
24 -977 0
25 -976 0
26 -975 0
27 -974 0
28 -973 0
29 -972 0
30 -971 0
31 -970 0
32 -969 0
33 -968 0
34 -967 0
35 -966 0
36 -965 0
37 -964 0
38 -963 0
39 -962 0
40 -961 0
41 -960 0
42 -959 0
43 -958 0
44 -957 0
45 -956 0
46 -955 0
47 -954 0
48 -953 0
49 -952 0
50 -951 0
51 -950 2.78739267694413e-24
52 -949 2.91296731097926e-13
53 -948 5.98009588745521e-13
54 -947 9.18431961130191e-13
55 -946 1.25085723643655e-12
56 -945 1.59357880284921e-12
57 -944 1.9448900485528e-12
58 -943 2.30308436173192e-12
59 -942 2.66645513057119e-12
60 -941 3.03329574325524e-12
61 -940 3.40189958796866e-12
62 -939 3.77056005289609e-12
63 -938 4.13757052622213e-12
64 -937 4.50122439613136e-12
65 -936 4.85981505080848e-12
66 -935 5.21163587843805e-12
67 -934 5.55498026720471e-12
68 -933 5.88814160529306e-12
69 -932 6.20941328088773e-12
70 -931 6.51708868217331e-12
71 -930 6.80946119733444e-12
72 -929 7.08482421455573e-12
73 -928 7.34147112202178e-12
74 -927 7.57769530791723e-12
75 -926 7.79179016042668e-12
76 -925 7.98204906773475e-12
77 -924 8.14676541802605e-12
78 -923 8.28423259948521e-12
79 -922 8.39274400029683e-12
80 -921 8.47059300864553e-12
81 -920 8.51607301271594e-12
82 -919 8.52747740069265e-12
83 -918 8.5030995607603e-12
84 -917 8.44123288110349e-12
85 -916 8.34017074990684e-12
86 -915 8.19820655535497e-12
87 -914 8.01363368563249e-12
88 -913 7.78474552892402e-12
89 -912 7.50983547341418e-12
90 -911 7.18719690728757e-12
91 -910 6.81512321872882e-12
92 -909 6.39190779592254e-12
93 -908 5.91584402705335e-12
94 -907 5.38522530030586e-12
95 -906 4.79834500386468e-12
96 -905 4.15349652591444e-12
97 -904 3.44897325463975e-12
98 -903 2.68306857822523e-12
99 -902 1.85407588485549e-12
100 -901 9.60288562715138e-13
101 -900 0
102 -899 0
103 -898 0
104 -897 0
105 -896 0
106 -895 0
107 -894 0
108 -893 0
109 -892 0
110 -891 0
111 -890 0
112 -889 0
113 -888 0
114 -887 0
115 -886 0
116 -885 0
117 -884 0
118 -883 0
119 -882 0
120 -881 0
121 -880 0
122 -879 0
123 -878 0
124 -877 0
125 -876 0
126 -875 0
127 -874 0
128 -873 0
129 -872 0
130 -871 0
131 -870 0
132 -869 0
133 -868 0
134 -867 0
135 -866 0
136 -865 0
137 -864 0
138 -863 0
139 -862 0
140 -861 0
141 -860 0
142 -859 0
143 -858 0
144 -857 0
145 -856 0
146 -855 0
147 -854 0
148 -853 0
149 -852 0
150 -851 0
151 -850 4.20900838057378e-23
152 -849 3.8172323012681e-12
153 -848 7.86596656365615e-12
154 -847 1.21219960771305e-11
155 -846 1.65611141316153e-11
156 -845 2.11591140170349e-11
157 -844 2.58917890233135e-11
158 -843 3.07349324403753e-11
159 -842 3.56643375581445e-11
160 -841 4.06557976665454e-11
161 -840 4.56851060555022e-11
162 -839 5.07280560149392e-11
163 -838 5.57604408347805e-11
164 -837 6.07580538049505e-11
165 -836 6.56966882153734e-11
166 -835 7.05521373559733e-11
167 -834 7.53001945166745e-11
168 -833 7.99166529874014e-11
169 -832 8.4377306058078e-11
170 -831 8.86579470186286e-11
171 -830 9.27343691589775e-11
172 -829 9.65823657690489e-11
173 -828 1.00177730138767e-10
174 -827 1.03496255558056e-10
175 -826 1.0651373531684e-10
176 -825 1.09205962705044e-10
177 -824 1.11548731012592e-10
178 -823 1.13517833529407e-10
179 -822 1.15089063545414e-10
180 -821 1.16238214350538e-10
181 -820 1.16941079234703e-10
182 -819 1.17173451487832e-10
183 -818 1.1691112439985e-10
184 -817 1.16129891260682e-10
185 -816 1.14805545360251e-10
186 -815 1.12913879988482e-10
187 -814 1.10430688435299e-10
188 -813 1.07331763990627e-10
189 -812 1.03592899944389e-10
190 -811 9.91898895865094e-11
191 -810 9.40985262069129e-11
192 -809 8.82946030955236e-11
193 -808 8.17539135422657e-11
194 -807 7.44522508370635e-11
195 -806 6.63654082698412e-11
196 -805 5.74691791305230e-11
197 -804 4.77393567090332e-11
198 -803 3.71517342952961e-11
199 -802 2.56821051792357e-11
200 -801 1.33062626507764e-11
201 -800 0
202 -799 0
203 -798 0
204 -797 0
205 -796 0
206 -795 0
207 -794 0
208 -793 0
209 -792 0
210 -791 0
211 -790 0
212 -789 0
213 -788 0
214 -787 0
215 -786 0
216 -785 0
217 -784 0
218 -783 0
219 -782 0
220 -781 0
221 -780 0
222 -779 0
223 -778 0
224 -777 0
225 -776 0
226 -775 0
227 -774 0
228 -773 0
229 -772 0
230 -771 0
231 -770 0
232 -769 0
233 -768 0
234 -767 0
235 -766 0
236 -765 0
237 -764 0
238 -763 0
239 -762 0
240 -761 0
241 -760 0
242 -759 0
243 -758 0
244 -757 0
245 -756 0
246 -755 0
247 -754 0
248 -753 0
249 -752 0
250 -751 0
251 -750 5.89624680385454e-22
252 -749 5.31499554867316e-11
253 -748 1.09525522302594e-10
254 -747 1.68789513118931e-10
255 -746 2.30604740606497e-10
256 -745 2.94634017436046e-10
257 -744 3.60540156278332e-10
258 -743 4.2798596980411e-10
259 -742 4.96634270684134e-10
260 -741 5.66147871589157e-10
261 -740 6.36189585189936e-10
262 -739 7.06422224157221e-10
263 -738 7.7650860116177e-10
264 -737 8.46111528874336e-10
265 -736 9.14893819965673e-10
266 -735 9.82518287106534e-10
267 -734 1.04864774296768e-09
268 -733 1.11294500021985e-09
269 -732 1.17507287153381e-09
270 -731 1.23469416958032e-09
271 -730 1.29147170703012e-09
272 -729 1.34506829655397e-09
273 -728 1.39514675082263e-09
274 -727 1.44136988250684e-09
275 -726 1.48340050427737e-09
276 -725 1.52090142880497e-09
277 -724 1.55353546876038e-09
278 -723 1.58096543681438e-09
279 -722 1.6028541456377e-09
280 -721 1.61886440790111e-09
281 -720 1.62865903627535e-09
282 -719 1.63190084343119e-09
283 -718 1.62825264203937e-09
284 -717 1.61737724477066e-09
285 -716 1.5989374642958e-09
286 -715 1.57259611328555e-09
287 -714 1.53801600441066e-09
288 -713 1.4948599503419e-09
289 -712 1.44279076375e-09
290 -711 1.38147125730573e-09
291 -710 1.31056424367984e-09
292 -709 1.22973253554308e-09
293 -708 1.13863894556622e-09
294 -707 1.03694628642e-09
295 -706 9.24317370775169e-10
296 -705 8.00415011302495e-10
297 -704 6.64902020672726e-10
298 -703 5.17441211556618e-10
299 -702 3.57695396624923e-10
300 -701 1.85327388548396e-10
301 -700 0
302 -699 0
303 -698 0
304 -697 0
305 -696 0
306 -695 0
307 -694 0
308 -693 0
309 -692 0
310 -691 0
311 -690 0
312 -689 0
313 -688 0
314 -687 0
315 -686 0
316 -685 0
317 -684 0
318 -683 0
319 -682 0
320 -681 0
321 -680 0
322 -679 0
323 -678 0
324 -677 0
325 -676 0
326 -675 0
327 -674 0
328 -673 0
329 -672 0
330 -671 0
331 -670 0
332 -669 0
333 -668 0
334 -667 0
335 -666 0
336 -665 0
337 -664 0
338 -663 0
339 -662 0
340 -661 0
341 -660 0
342 -659 0
343 -658 0
344 -657 0
345 -656 0
346 -655 0
347 -654 0
348 -653 0
349 -652 0
350 -651 0
351 -650 8.2811119074215e-21
352 -649 7.40282144514059e-10
353 -648 1.52549134567482e-09
354 -647 2.3509311875912e-09
355 -646 3.21190525436383e-09
356 -645 4.10371713009332e-09
357 -644 5.02167039888031e-09
358 -643 5.96106864482543e-09
359 -642 6.91721545202931e-09
360 -641 7.88541440459258e-09
361 -640 8.86096908661585e-09
362 -639 9.83918308219976e-09
363 -638 1.0815359975445e-08
364 -637 1.1784803350452e-08
365 -636 1.27428167913216e-08
366 -635 1.36847038821544e-08
367 -634 1.46057682070509e-08
368 -633 1.55013133501119e-08
369 -632 1.63666428954379e-08
370 -631 1.71970604271295e-08
371 -630 1.79878695292875e-08
372 -629 1.87343737860124e-08
373 -628 1.94318767814048e-08
374 -627 2.00756820995654e-08
375 -626 2.06610933245948e-08
376 -625 2.11834140405937e-08
377 -624 2.16379478316626e-08
378 -623 2.20199982819022e-08
379 -622 2.23248689754131e-08
380 -621 2.2547863496296e-08
381 -620 2.26842854286514e-08
382 -619 2.27294383565801e-08
383 -618 2.26786258641826e-08
384 -617 2.25271515355595e-08
385 -616 2.22703189548116e-08
386 -615 2.19034317060393e-08
387 -614 2.14217933733434e-08
388 -613 2.08207075408245e-08
389 -612 2.00954777925832e-08
390 -611 1.92414077127201e-08
391 -610 1.82538008853359e-08
392 -609 1.71279608945311e-08
393 -608 1.58591913244065e-08
394 -607 1.44427957590626e-08
395 -606 1.28740777826001e-08
396 -605 1.11483409791196e-08
397 -604 9.26088893272170e-09
398 -603 7.20702522750707e-09
399 -602 4.98205344757632e-09
400 -601 2.58127717703009e-09
401 -600 0
402 -599 0
403 -598 0
404 -597 0
405 -596 0
406 -595 0
407 -594 0
408 -593 0
409 -592 0
410 -591 0
411 -590 0
412 -589 0
413 -588 0
414 -587 0
415 -586 0
416 -585 0
417 -584 0
418 -583 0
419 -582 0
420 -581 0
421 -580 0
422 -579 0
423 -578 0
424 -577 0
425 -576 0
426 -575 0
427 -574 0
428 -573 0
429 -572 0
430 -571 0
431 -570 0
432 -569 0
433 -568 0
434 -567 0
435 -566 0
436 -565 0
437 -564 0
438 -563 0
439 -562 0
440 -561 0
441 -560 0
442 -559 0
443 -558 0
444 -557 0
445 -556 0
446 -555 0
447 -554 0
448 -553 0
449 -552 0
450 -551 0
451 -550 1.16185788839198e-19
452 -549 1.03108000677252e-08
453 -548 2.12473533171752e-08
454 -547 3.27442471132042e-08
455 -546 4.47360688205499e-08
456 -545 5.71574058039505e-08
457 -544 6.99428454281439e-08
458 -543 8.30269750578679e-08
459 -542 9.63443820578607e-08
460 -541 1.0982965379286e-07
461 -540 1.23417377627604e-07
462 -539 1.3704214092683e-07
463 -538 1.50638531055277e-07
464 -537 1.64141135377683e-07
465 -536 1.77484541258784e-07
466 -535 1.9060333606332e-07
467 -534 2.03432107156028e-07
468 -533 2.15905441901647e-07
469 -532 2.27957927664913e-07
470 -531 2.39524151810566e-07
471 -530 2.50538701703343e-07
472 -529 2.60936164707982e-07
473 -528 2.7065112818922e-07
474 -527 2.79618179511797e-07
475 -526 2.87771906040449e-07
476 -525 2.95046895139916e-07
477 -524 3.01377734174934e-07
478 -523 3.06699010510242e-07
479 -522 3.10945311510577e-07
480 -521 3.14051224540678e-07
481 -520 3.15951336965283e-07
482 -519 3.16580236149129e-07
483 -518 3.15872509456954e-07
484 -517 3.13762744253497e-07
485 -516 3.10185527903496e-07
486 -515 3.05075447771687e-07
487 -514 2.9836709122281e-07
488 -513 2.89995045621602e-07
489 -512 2.79893898332802e-07
490 -511 2.67998236721146e-07
491 -510 2.54242648151373e-07
492 -509 2.38561719988222e-07
493 -508 2.20890039596429e-07
494 -507 2.01162194340734e-07
495 -506 1.79312771585873e-07
496 -505 1.55276358696585e-07
497 -504 1.28987543037607e-07
498 -503 1.00380911973679e-07
499 -502 6.9391052869537e-08
500 -501 3.59525530899197e-08
501 -500 0
502 -499 0
503 -498 0
504 -497 0
505 -496 0
506 -495 0
507 -494 0
508 -493 0
509 -492 0
510 -491 0
511 -490 0
512 -489 0
513 -488 0
514 -487 0
515 -486 0
516 -485 0
517 -484 0
518 -483 0
519 -482 0
520 -481 0
521 -480 0
522 -479 0
523 -478 0
524 -477 0
525 -476 0
526 -475 0
527 -474 0
528 -473 0
529 -472 0
530 -471 0
531 -470 0
532 -469 0
533 -468 0
534 -467 0
535 -466 0
536 -465 0
537 -464 0
538 -463 0
539 -462 0
540 -461 0
541 -460 0
542 -459 0
543 -458 0
544 -457 0
545 -456 0
546 -455 0
547 -454 0
548 -453 0
549 -452 0
550 -451 0
551 -450 0
552 -449 1.44314831138e-07
553 -448 3.01568753811956e-07
554 -447 4.75074161582367e-07
555 -446 6.68143448014014e-07
556 -445 8.84089006671683e-07
557 -444 1.12622323112016e-06
558 -443 1.39785851492422e-06
559 -442 1.70230725164865e-06
560 -441 2.04288183485824e-06
561 -440 2.42289465811777e-06
562 -439 2.84565811499201e-06
563 -438 3.31448459904577e-06
564 -437 3.83268650384381e-06
565 -436 4.40357622295093e-06
566 -435 5.0304661499319e-06
567 -434 5.71666867835151e-06
568 -433 6.46549620177455e-06
569 -432 7.28026111376579e-06
570 -431 8.16427580789002e-06
571 -430 9.12085267771202e-06
572 -429 1.01533041167966e-05
573 -428 1.12649425187085e-05
574 -427 1.24590802770125e-05
575 -426 1.37390297852735e-05
576 -425 1.51081034370561e-05
577 -424 1.65696136259252e-05
578 -423 1.81268727454455e-05
579 -422 1.97831931891819e-05
580 -421 2.15418873506992e-05
581 -420 2.3406267623562e-05
582 -419 2.53796464013352e-05
583 -418 2.74653360775836e-05
584 -417 2.9666649045872e-05
585 -416 3.19868976997651e-05
586 -415 3.44293944328277e-05
587 -414 3.69974516386247e-05
588 -413 3.96943817107207e-05
589 -412 4.25234970426806e-05
590 -411 4.54881100280692e-05
591 -410 4.85915330604512e-05
592 -409 5.18370785333914e-05
593 -408 5.52280588404547e-05
594 -407 5.87677863752057e-05
595 -406 6.24595735312091e-05
596 -405 6.63067327020301e-05
597 -404 7.03125762812332e-05
598 -403 7.44804166623833e-05
599 -402 7.8813566239045e-05
600 -401 8.33153374047833e-05
601 -400 8.79890425531628e-05
602 -399 9.28418921518117e-05
603 -398 9.78966889646111e-05
604 -397 0.000103180133829506
605 -396 0.00010871892758444
606 -395 0.000114539771067357
607 -394 0.000120669365116204
608 -393 0.000127134410568923
609 -392 0.00013396160826346
610 -391 0.000141177659037759
611 -390 0.000148809263729764
612 -389 0.00015688312317742
613 -388 0.000165425938218672
614 -387 0.000174464409691463
615 -386 0.000184025238433739
616 -385 0.000194135125283444
617 -384 0.000204820771078522
618 -383 0.000216108876656917
619 -382 0.000228026142856575
620 -381 0.00024059927051544
621 -380 0.000253854960471456
622 -379 0.000267818993504439
623 -378 0.000282513470161689
624 -377 0.000297959570932376
625 -376 0.000314178476305671
626 -375 0.000331191366770746
627 -374 0.000349019422816772
628 -373 0.000367683824932918
629 -372 0.000387205753608357
630 -371 0.000407606389332259
631 -370 0.000428906912593795
632 -369 0.000451128503882136
633 -368 0.000474292343686453
634 -367 0.000498419612495916
635 -366 0.000523531490799698
636 -365 0.000549649159086967
637 -364 0.000576793797846897
638 -363 0.000604986587568657
639 -362 0.000634248708741418
640 -361 0.000664601341854351
641 -360 0.000696065667396628
642 -359 0.00072866622518633
643 -358 0.000762440992357188
644 -357 0.000797431305371842
645 -356 0.000833678500692932
646 -355 0.000871223914783101
647 -354 0.000910108884104988
648 -353 0.000950374745121235
649 -352 0.000992062834294483
650 -351 0.00103521448808737
651 -350 0.00107987104296254
652 -349 0.00112607383538264
653 -348 0.0011738642018103
654 -347 0.00122328347870817
655 -346 0.00127437300253888
656 -345 0.00132717410976508
657 -344 0.0013817281368494
658 -343 0.0014380764202545
659 -342 0.00149626029644301
660 -341 0.00155632110187756
661 -340 0.00161830017302081
662 -339 0.00168224272083579
663 -338 0.00174820945428708
664 -337 0.00181626495683968
665 -336 0.00188647381195856
666 -335 0.00195890060310872
667 -334 0.00203360991375514
668 -333 0.00211066632736281
669 -332 0.00219013442739671
670 -331 0.00227207879732182
671 -330 0.00235656402060314
672 -329 0.00244365468070565
673 -328 0.00253341536109433
674 -327 0.00262591064523417
675 -326 0.00272120511659015
676 -325 0.00281936335862726
677 -324 0.00292044995481049
678 -323 0.00302452948860482
679 -322 0.00313166654347523
680 -321 0.00324192570288672
681 -320 0.00335537155030426
682 -319 0.0034720746137473
683 -318 0.00359212919945305
684 -317 0.00371563555821319
685 -316 0.00384269394081939
686 -315 0.00397340459806332
687 -314 0.00410786778073666
688 -313 0.00424618373963108
689 -312 0.00438845272553825
690 -311 0.00453477498924985
691 -310 0.00468525078155755
692 -309 0.00483998035325301
693 -308 0.00499906395512792
694 -307 0.00516260183797395
695 -306 0.00533069425258276
696 -305 0.00550344144974604
697 -304 0.00568094368025545
698 -303 0.00586330119490267
699 -302 0.00605061424447936
700 -301 0.00624298307977721
701 -300 0.00644050795158789
702 -299 0.0066432971379068
703 -298 0.00685149102554434
704 -297 0.00706523802851463
705 -296 0.00728468656083178
706 -295 0.00750998503650993
707 -294 0.00774128186956319
708 -293 0.0079787254740057
709 -292 0.00822246426385157
710 -291 0.00847264665311493
711 -290 0.00872942105580991
712 -289 0.00899293588595062
713 -288 0.00926333955755119
714 -287 0.00954078048462575
715 -286 0.00982540708118841
716 -285 0.0101173677612533
717 -284 0.0104168109388346
718 -283 0.0107238850279463
719 -282 0.0110387384426026
720 -281 0.0113615195968177
721 -280 0.0116923769046056
722 -279 0.0120314688765842
723 -278 0.0123789944097857
724 -277 0.0127351624978461
725 -276 0.0131001821344016
726 -275 0.013474262313088
727 -274 0.0138576120275413
728 -273 0.0142504402713976
729 -272 0.0146529560382929
730 -271 0.0150653683218631
731 -270 0.0154878861157442
732 -269 0.0159207184135723
733 -268 0.0163640742089832
734 -267 0.0168181624956131
735 -266 0.017283192267098
736 -265 0.0177593725170737
737 -264 0.0182469122391763
738 -263 0.0187460204270419
739 -262 0.0192569060743063
740 -261 0.0197797781746057
741 -260 0.0203148457215759
742 -259 0.0208623289339998
743 -258 0.021422492931247
744 -257 0.0219956140578339
745 -256 0.0225819686582769
746 -255 0.0231818330770926
747 -254 0.0237954836587973
748 -253 0.0244231967479074
749 -252 0.0250652486889394
750 -251 0.0257219158264096
751 -250 0.0263934745048346
752 -249 0.0270802010687307
753 -248 0.0277823718626144
754 -247 0.0285002632310021
755 -246 0.0292341515184102
756 -245 0.0299843130693551
757 -244 0.0307510242283533
758 -243 0.0315345613399212
759 -242 0.0323352007485752
760 -241 0.0331532187988318
761 -240 0.0339888918352073
762 -239 0.0348425062912267
763 -238 0.0357143889564487
764 -237 0.0366048767094407
765 -236 0.0375143064287699
766 -235 0.0384430149930035
767 -234 0.0393913392807088
768 -233 0.0403596161704531
769 -232 0.0413481825408037
770 -231 0.0423573752703278
771 -230 0.0433875312375927
772 -229 0.0444389873211656
773 -228 0.0455120803996139
774 -227 0.0466071473515047
775 -226 0.0477245250554054
776 -225 0.0488645503898832
777 -224 0.0500275602335054
778 -223 0.0512138914648392
779 -222 0.052423880962452
780 -221 0.0536578656049109
781 -220 0.0549161822707832
782 -219 0.0561991729593059
783 -218 0.0575072001523942
784 -217 0.0588406314526332
785 -216 0.0601998344626077
786 -215 0.0615851767849028
787 -214 0.0629970260221033
788 -213 0.0644357497767943
789 -212 0.0659017156515606
790 -211 0.0673952912489873
791 -210 0.0689168441716593
792 -209 0.0704667420221615
793 -208 0.0720453524030789
794 -207 0.0736530429169965
795 -206 0.0752901811664992
796 -205 0.0769571347541719
797 -204 0.0786542712825997
798 -203 0.0803819583543674
799 -202 0.0821405635720601
800 -201 0.0839304545382626
801 -200 0.0857519988555599
802 -199 0.0876055588700976
803 -198 0.0894914759022634
804 -197 0.0914100860160055
805 -196 0.0933617252752722
806 -195 0.0953467297440117
807 -194 0.0973654354861725
808 -193 0.0994181785657026
809 -192 0.10150529504655
810 -191 0.103627120992664
811 -190 0.105783992467992
812 -189 0.107976245536483
813 -188 0.110204216262084
814 -187 0.112468240708745
815 -186 0.114768654940413
816 -185 0.117105795021036
817 -184 0.119479997014563
818 -183 0.121891596984943
819 -182 0.124340930996123
820 -181 0.126828335112051
821 -180 0.129354145396677
822 -179 0.131918678430286
823 -178 0.134522172858518
824 -177 0.13716484784335
825 -176 0.13984692254676
826 -175 0.142568616130726
827 -174 0.145330147757225
828 -173 0.148131736588235
829 -172 0.150973601785733
830 -171 0.153855962511696
831 -170 0.156779037928104
832 -169 0.159743047196932
833 -168 0.162748209480159
834 -167 0.165794743939761
835 -166 0.168882869737718
836 -165 0.172012806036006
837 -164 0.175184771996603
838 -163 0.178398986781486
839 -162 0.181655669552633
840 -161 0.184955039472022
841 -160 0.18829731570163
842 -159 0.191682679332958
843 -158 0.195111159175598
844 -157 0.198582745968669
845 -156 0.202097430451285
846 -155 0.205655203362563
847 -154 0.20925605544162
848 -153 0.212899977427572
849 -152 0.216586960059535
850 -151 0.220316994076626
851 -150 0.22409007021796
852 -149 0.227906179222655
853 -148 0.231765311829827
854 -147 0.235667458778592
855 -146 0.239612610808066
856 -145 0.243600758657366
857 -144 0.247631893065609
858 -143 0.251706004771909
859 -142 0.255823084515385
860 -141 0.259983123035152
861 -140 0.264186111070327
862 -139 0.268432001942551
863 -138 0.272720599303575
864 -137 0.27705166938767
865 -136 0.281424978429112
866 -135 0.285840292662175
867 -134 0.290297378321133
868 -133 0.294796001640261
869 -132 0.299335928853831
870 -131 0.30391692619612
871 -130 0.3085387599014
872 -129 0.313201196203947
873 -128 0.317904001338034
874 -127 0.322646941537935
875 -126 0.327429783037926
876 -125 0.332252292072279
877 -124 0.33711423487527
878 -123 0.342015377681172
879 -122 0.346955486724259
880 -121 0.351934328238807
881 -120 0.356951668459089
882 -119 0.362007205928592
883 -118 0.367100368427656
884 -117 0.372230516045833
885 -116 0.377397008872678
886 -115 0.382599206997741
887 -114 0.387836470510576
888 -113 0.393108159500736
889 -112 0.398413634057774
890 -111 0.403752254271241
891 -110 0.409123380230691
892 -109 0.414526372025677
893 -108 0.419960589745751
894 -107 0.425425393480466
895 -106 0.430920143319375
896 -105 0.43644419935203
897 -104 0.441996921667984
898 -103 0.44757767035679
899 -102 0.453185805508
900 -101 0.458820687211168
901 -100 0.464481675555846
902 -99 0.470168226081269
903 -98 0.475880176125403
904 -97 0.481617458475895
905 -96 0.487380005920393
906 -95 0.493167751246546
907 -94 0.498980627242
908 -93 0.504818566694404
909 -92 0.510681502391405
910 -91 0.516569367120652
911 -90 0.522482093669792
912 -89 0.528419614826473
913 -88 0.534381863378342
914 -87 0.540368772113049
915 -86 0.54638027381824
916 -85 0.552416301281562
917 -84 0.558476787290666
918 -83 0.564561664633197
919 -82 0.570670866096804
920 -81 0.576804324469134
921 -80 0.582961972537836
922 -79 0.589143358643141
923 -78 0.595346493335617
924 -77 0.601569002718416
925 -76 0.607808512894688
926 -75 0.614062649967586
927 -74 0.620329040040262
928 -73 0.626605309215867
929 -72 0.632889083597552
930 -71 0.639177989288469
931 -70 0.645469652391771
932 -69 0.651761699010607
933 -68 0.658051755248131
934 -67 0.664337447207494
935 -66 0.670616400991847
936 -65 0.676886242704342
937 -64 0.68314459844813
938 -63 0.689389094326364
939 -62 0.695617356442195
940 -61 0.701827010898774
941 -60 0.708015683799253
942 -59 0.714182552854331
943 -58 0.720333002204896
944 -57 0.726473967599383
945 -56 0.732612384786229
946 -55 0.738755189513866
947 -54 0.744909317530733
948 -53 0.751081704585263
949 -52 0.757279286425892
950 -51 0.763508998801054
951 -50 0.769777777459187
952 -49 0.776092558148724
953 -48 0.782460276618102
954 -47 0.788887868615755
955 -46 0.795382269890118
956 -45 0.801950416189628
957 -44 0.808599243262719
958 -43 0.815335686857826
959 -42 0.822166682723386
960 -41 0.829099166607833
961 -40 0.836140074259602
962 -39 0.843290920979272
963 -38 0.850531540275986
964 -37 0.857836345211033
965 -36 0.865179748845699
966 -35 0.872536164241271
967 -34 0.879880004459036
968 -33 0.887185682560282
969 -32 0.894427611606295
970 -31 0.901580204658363
971 -30 0.908617874777773
972 -29 0.915515035025811
973 -28 0.922246098463765
974 -27 0.928785478152923
975 -26 0.93510758715457
976 -25 0.941186838529995
977 -24 0.946997645340483
978 -23 0.952514420647324
979 -22 0.957711577511802
980 -21 0.962563528995206
981 -20 0.967044688158823
982 -19 0.971137043364107
983 -18 0.974852884173185
984 -17 0.978212075448349
985 -16 0.981234482051894
986 -15 0.983939968846114
987 -14 0.986348400693302
988 -13 0.988479642455751
989 -12 0.990353558995756
990 -11 0.99199001517561
991 -10 0.993408875857606
992 -9 0.994630005904039
993 -8 0.995673270177202
994 -7 0.996558533539389
995 -6 0.997305660852893
996 -5 0.997934516980008
997 -4 0.998464966783028
998 -3 0.998916875124246
999 -2 0.999310106865956
1000 -1 0.999664526870452
1001 0 1
1002 1 0.999664526870452
1003 2 0.999310106865956
1004 3 0.998916875124246
1005 4 0.998464966783028
1006 5 0.997934516980008
1007 6 0.997305660852893
1008 7 0.996558533539389
1009 8 0.995673270177202
1010 9 0.994630005904039
1011 10 0.993408875857606
1012 11 0.99199001517561
1013 12 0.990353558995756
1014 13 0.988479642455751
1015 14 0.986348400693302
1016 15 0.983939968846114
1017 16 0.981234482051894
1018 17 0.978212075448349
1019 18 0.974852884173185
1020 19 0.971137043364107
1021 20 0.967044688158823
1022 21 0.962563528995206
1023 22 0.957711577511802
1024 23 0.952514420647324
1025 24 0.946997645340483
1026 25 0.941186838529995
1027 26 0.93510758715457
1028 27 0.928785478152923
1029 28 0.922246098463765
1030 29 0.915515035025811
1031 30 0.908617874777773
1032 31 0.901580204658363
1033 32 0.894427611606295
1034 33 0.887185682560282
1035 34 0.879880004459036
1036 35 0.872536164241271
1037 36 0.865179748845699
1038 37 0.857836345211033
1039 38 0.850531540275986
1040 39 0.843290920979272
1041 40 0.836140074259602
1042 41 0.829099166607833
1043 42 0.822166682723386
1044 43 0.815335686857826
1045 44 0.808599243262719
1046 45 0.801950416189628
1047 46 0.795382269890118
1048 47 0.788887868615755
1049 48 0.782460276618102
1050 49 0.776092558148724
1051 50 0.769777777459187
1052 51 0.763508998801054
1053 52 0.757279286425892
1054 53 0.751081704585263
1055 54 0.744909317530733
1056 55 0.738755189513866
1057 56 0.732612384786229
1058 57 0.726473967599383
1059 58 0.720333002204896
1060 59 0.714182552854331
1061 60 0.708015683799253
1062 61 0.701827010898774
1063 62 0.695617356442195
1064 63 0.689389094326364
1065 64 0.68314459844813
1066 65 0.676886242704342
1067 66 0.670616400991847
1068 67 0.664337447207494
1069 68 0.658051755248131
1070 69 0.651761699010607
1071 70 0.645469652391771
1072 71 0.639177989288469
1073 72 0.632889083597552
1074 73 0.626605309215867
1075 74 0.620329040040262
1076 75 0.614062649967586
1077 76 0.607808512894688
1078 77 0.601569002718416
1079 78 0.595346493335617
1080 79 0.589143358643141
1081 80 0.582961972537836
1082 81 0.576804324469134
1083 82 0.570670866096804
1084 83 0.564561664633197
1085 84 0.558476787290666
1086 85 0.552416301281562
1087 86 0.54638027381824
1088 87 0.540368772113049
1089 88 0.534381863378342
1090 89 0.528419614826473
1091 90 0.522482093669792
1092 91 0.516569367120652
1093 92 0.510681502391405
1094 93 0.504818566694404
1095 94 0.498980627242
1096 95 0.493167751246546
1097 96 0.487380005920393
1098 97 0.481617458475895
1099 98 0.475880176125403
1100 99 0.470168226081269
1101 100 0.464481675555846
1102 101 0.458820687211168
1103 102 0.453185805508
1104 103 0.44757767035679
1105 104 0.441996921667984
1106 105 0.43644419935203
1107 106 0.430920143319375
1108 107 0.425425393480466
1109 108 0.419960589745751
1110 109 0.414526372025677
1111 110 0.409123380230691
1112 111 0.403752254271241
1113 112 0.398413634057774
1114 113 0.393108159500736
1115 114 0.387836470510576
1116 115 0.382599206997741
1117 116 0.377397008872678
1118 117 0.372230516045833
1119 118 0.367100368427656
1120 119 0.362007205928592
1121 120 0.356951668459089
1122 121 0.351934328238807
1123 122 0.346955486724259
1124 123 0.342015377681172
1125 124 0.33711423487527
1126 125 0.332252292072279
1127 126 0.327429783037926
1128 127 0.322646941537935
1129 128 0.317904001338034
1130 129 0.313201196203947
1131 130 0.3085387599014
1132 131 0.30391692619612
1133 132 0.299335928853831
1134 133 0.294796001640261
1135 134 0.290297378321133
1136 135 0.285840292662175
1137 136 0.281424978429112
1138 137 0.27705166938767
1139 138 0.272720599303575
1140 139 0.268432001942551
1141 140 0.264186111070327
1142 141 0.259983123035152
1143 142 0.255823084515385
1144 143 0.251706004771909
1145 144 0.247631893065609
1146 145 0.243600758657366
1147 146 0.239612610808066
1148 147 0.235667458778592
1149 148 0.231765311829827
1150 149 0.227906179222655
1151 150 0.22409007021796
1152 151 0.220316994076626
1153 152 0.216586960059535
1154 153 0.212899977427572
1155 154 0.20925605544162
1156 155 0.205655203362563
1157 156 0.202097430451285
1158 157 0.198582745968669
1159 158 0.195111159175598
1160 159 0.191682679332958
1161 160 0.18829731570163
1162 161 0.184955039472022
1163 162 0.181655669552633
1164 163 0.178398986781486
1165 164 0.175184771996603
1166 165 0.172012806036006
1167 166 0.168882869737718
1168 167 0.165794743939761
1169 168 0.162748209480159
1170 169 0.159743047196932
1171 170 0.156779037928104
1172 171 0.153855962511696
1173 172 0.150973601785733
1174 173 0.148131736588235
1175 174 0.145330147757225
1176 175 0.142568616130726
1177 176 0.13984692254676
1178 177 0.13716484784335
1179 178 0.134522172858518
1180 179 0.131918678430286
1181 180 0.129354145396677
1182 181 0.126828335112051
1183 182 0.124340930996123
1184 183 0.121891596984943
1185 184 0.119479997014563
1186 185 0.117105795021036
1187 186 0.114768654940413
1188 187 0.112468240708745
1189 188 0.110204216262084
1190 189 0.107976245536483
1191 190 0.105783992467992
1192 191 0.103627120992664
1193 192 0.10150529504655
1194 193 0.0994181785657026
1195 194 0.0973654354861725
1196 195 0.0953467297440117
1197 196 0.0933617252752722
1198 197 0.0914100860160055
1199 198 0.0894914759022634
1200 199 0.0876055588700976
1201 200 0.0857519988555599
1202 201 0.0839304545382626
1203 202 0.0821405635720601
1204 203 0.0803819583543674
1205 204 0.0786542712825997
1206 205 0.0769571347541719
1207 206 0.0752901811664992
1208 207 0.0736530429169965
1209 208 0.0720453524030789
1210 209 0.0704667420221615
1211 210 0.0689168441716593
1212 211 0.0673952912489873
1213 212 0.0659017156515606
1214 213 0.0644357497767943
1215 214 0.0629970260221033
1216 215 0.0615851767849028
1217 216 0.0601998344626077
1218 217 0.0588406314526332
1219 218 0.0575072001523942
1220 219 0.0561991729593059
1221 220 0.0549161822707832
1222 221 0.0536578656049109
1223 222 0.052423880962452
1224 223 0.0512138914648392
1225 224 0.0500275602335054
1226 225 0.0488645503898832
1227 226 0.0477245250554054
1228 227 0.0466071473515047
1229 228 0.0455120803996139
1230 229 0.0444389873211656
1231 230 0.0433875312375927
1232 231 0.0423573752703278
1233 232 0.0413481825408037
1234 233 0.0403596161704531
1235 234 0.0393913392807088
1236 235 0.0384430149930035
1237 236 0.0375143064287699
1238 237 0.0366048767094407
1239 238 0.0357143889564487
1240 239 0.0348425062912267
1241 240 0.0339888918352073
1242 241 0.0331532187988318
1243 242 0.0323352007485752
1244 243 0.0315345613399212
1245 244 0.0307510242283533
1246 245 0.0299843130693551
1247 246 0.0292341515184102
1248 247 0.0285002632310021
1249 248 0.0277823718626144
1250 249 0.0270802010687307
1251 250 0.0263934745048346
1252 251 0.0257219158264096
1253 252 0.0250652486889394
1254 253 0.0244231967479074
1255 254 0.0237954836587973
1256 255 0.0231818330770926
1257 256 0.0225819686582769
1258 257 0.0219956140578339
1259 258 0.021422492931247
1260 259 0.0208623289339998
1261 260 0.0203148457215759
1262 261 0.0197797781746057
1263 262 0.0192569060743063
1264 263 0.0187460204270419
1265 264 0.0182469122391763
1266 265 0.0177593725170737
1267 266 0.017283192267098
1268 267 0.0168181624956131
1269 268 0.0163640742089832
1270 269 0.0159207184135723
1271 270 0.0154878861157442
1272 271 0.0150653683218631
1273 272 0.0146529560382929
1274 273 0.0142504402713976
1275 274 0.0138576120275413
1276 275 0.013474262313088
1277 276 0.0131001821344016
1278 277 0.0127351624978461
1279 278 0.0123789944097857
1280 279 0.0120314688765842
1281 280 0.0116923769046056
1282 281 0.0113615195968177
1283 282 0.0110387384426026
1284 283 0.0107238850279463
1285 284 0.0104168109388346
1286 285 0.0101173677612533
1287 286 0.00982540708118841
1288 287 0.00954078048462575
1289 288 0.00926333955755119
1290 289 0.00899293588595062
1291 290 0.00872942105580991
1292 291 0.00847264665311493
1293 292 0.00822246426385157
1294 293 0.0079787254740057
1295 294 0.00774128186956319
1296 295 0.00750998503650993
1297 296 0.00728468656083178
1298 297 0.00706523802851463
1299 298 0.00685149102554434
1300 299 0.0066432971379068
1301 300 0.00644050795158789
1302 301 0.00624298307977721
1303 302 0.00605061424447936
1304 303 0.00586330119490267
1305 304 0.00568094368025545
1306 305 0.00550344144974604
1307 306 0.00533069425258276
1308 307 0.00516260183797395
1309 308 0.00499906395512792
1310 309 0.00483998035325301
1311 310 0.00468525078155755
1312 311 0.00453477498924985
1313 312 0.00438845272553825
1314 313 0.00424618373963108
1315 314 0.00410786778073666
1316 315 0.00397340459806332
1317 316 0.00384269394081939
1318 317 0.00371563555821319
1319 318 0.00359212919945305
1320 319 0.0034720746137473
1321 320 0.00335537155030426
1322 321 0.00324192570288672
1323 322 0.00313166654347523
1324 323 0.00302452948860482
1325 324 0.00292044995481049
1326 325 0.00281936335862726
1327 326 0.00272120511659015
1328 327 0.00262591064523417
1329 328 0.00253341536109433
1330 329 0.00244365468070565
1331 330 0.00235656402060314
1332 331 0.00227207879732182
1333 332 0.00219013442739671
1334 333 0.00211066632736281
1335 334 0.00203360991375514
1336 335 0.00195890060310872
1337 336 0.00188647381195856
1338 337 0.00181626495683968
1339 338 0.00174820945428708
1340 339 0.00168224272083579
1341 340 0.00161830017302081
1342 341 0.00155632110187756
1343 342 0.00149626029644301
1344 343 0.0014380764202545
1345 344 0.0013817281368494
1346 345 0.00132717410976508
1347 346 0.00127437300253888
1348 347 0.00122328347870817
1349 348 0.0011738642018103
1350 349 0.00112607383538264
1351 350 0.00107987104296254
1352 351 0.00103521448808737
1353 352 0.000992062834294483
1354 353 0.000950374745121235
1355 354 0.000910108884104988
1356 355 0.000871223914783101
1357 356 0.000833678500692932
1358 357 0.000797431305371842
1359 358 0.000762440992357188
1360 359 0.00072866622518633
1361 360 0.000696065667396628
1362 361 0.000664601341854351
1363 362 0.000634248708741418
1364 363 0.000604986587568657
1365 364 0.000576793797846897
1366 365 0.000549649159086967
1367 366 0.000523531490799698
1368 367 0.000498419612495916
1369 368 0.000474292343686453
1370 369 0.000451128503882136
1371 370 0.000428906912593795
1372 371 0.000407606389332259
1373 372 0.000387205753608357
1374 373 0.000367683824932918
1375 374 0.000349019422816772
1376 375 0.000331191366770746
1377 376 0.000314178476305671
1378 377 0.000297959570932376
1379 378 0.000282513470161689
1380 379 0.000267818993504439
1381 380 0.000253854960471456
1382 381 0.00024059927051544
1383 382 0.000228026142856575
1384 383 0.000216108876656917
1385 384 0.000204820771078522
1386 385 0.000194135125283444
1387 386 0.000184025238433739
1388 387 0.000174464409691463
1389 388 0.000165425938218672
1390 389 0.00015688312317742
1391 390 0.000148809263729764
1392 391 0.000141177659037759
1393 392 0.00013396160826346
1394 393 0.000127134410568923
1395 394 0.000120669365116204
1396 395 0.000114539771067357
1397 396 0.00010871892758444
1398 397 0.000103180133829506
1399 398 9.78966889646111e-05
1400 399 9.28418921518117e-05
1401 400 8.79890425531628e-05
1402 401 8.33153374047833e-05
1403 402 7.8813566239045e-05
1404 403 7.44804166623833e-05
1405 404 7.03125762812332e-05
1406 405 6.63067327020301e-05
1407 406 6.24595735312091e-05
1408 407 5.87677863752057e-05
1409 408 5.52280588404547e-05
1410 409 5.18370785333914e-05
1411 410 4.85915330604512e-05
1412 411 4.54881100280692e-05
1413 412 4.25234970426806e-05
1414 413 3.96943817107207e-05
1415 414 3.69974516386247e-05
1416 415 3.44293944328277e-05
1417 416 3.19868976997651e-05
1418 417 2.9666649045872e-05
1419 418 2.74653360775836e-05
1420 419 2.53796464013352e-05
1421 420 2.3406267623562e-05
1422 421 2.15418873506992e-05
1423 422 1.97831931891819e-05
1424 423 1.81268727454455e-05
1425 424 1.65696136259252e-05
1426 425 1.51081034370561e-05
1427 426 1.37390297852735e-05
1428 427 1.24590802770125e-05
1429 428 1.12649425187085e-05
1430 429 1.01533041167966e-05
1431 430 9.12085267771202e-06
1432 431 8.16427580789002e-06
1433 432 7.28026111376579e-06
1434 433 6.46549620177455e-06
1435 434 5.71666867835151e-06
1436 435 5.0304661499319e-06
1437 436 4.40357622295093e-06
1438 437 3.83268650384381e-06
1439 438 3.31448459904577e-06
1440 439 2.84565811499201e-06
1441 440 2.42289465811777e-06
1442 441 2.04288183485824e-06
1443 442 1.70230725164865e-06
1444 443 1.39785851492422e-06
1445 444 1.12622323112016e-06
1446 445 8.84089006671683e-07
1447 446 6.68143448014014e-07
1448 447 4.75074161582367e-07
1449 448 3.01568753811956e-07
1450 449 1.44314831138e-07
1451 450 0
1452 451 0
1453 452 0
1454 453 0
1455 454 0
1456 455 0
1457 456 0
1458 457 0
1459 458 0
1460 459 0
1461 460 0
1462 461 0
1463 462 0
1464 463 0
1465 464 0
1466 465 0
1467 466 0
1468 467 0
1469 468 0
1470 469 0
1471 470 0
1472 471 0
1473 472 0
1474 473 0
1475 474 0
1476 475 0
1477 476 0
1478 477 0
1479 478 0
1480 479 0
1481 480 0
1482 481 0
1483 482 0
1484 483 0
1485 484 0
1486 485 0
1487 486 0
1488 487 0
1489 488 0
1490 489 0
1491 490 0
1492 491 0
1493 492 0
1494 493 0
1495 494 0
1496 495 0
1497 496 0
1498 497 0
1499 498 0
1500 499 0
1501 500 0
1502 501 3.59525530899197e-08
1503 502 6.9391052869537e-08
1504 503 1.00380911973679e-07
1505 504 1.28987543037607e-07
1506 505 1.55276358696585e-07
1507 506 1.79312771585873e-07
1508 507 2.01162194340734e-07
1509 508 2.20890039596429e-07
1510 509 2.38561719988222e-07
1511 510 2.54242648151373e-07
1512 511 2.67998236721146e-07
1513 512 2.79893898332802e-07
1514 513 2.89995045621602e-07
1515 514 2.9836709122281e-07
1516 515 3.05075447771687e-07
1517 516 3.10185527903496e-07
1518 517 3.13762744253497e-07
1519 518 3.15872509456954e-07
1520 519 3.16580236149129e-07
1521 520 3.15951336965283e-07
1522 521 3.14051224540678e-07
1523 522 3.10945311510577e-07
1524 523 3.06699010510242e-07
1525 524 3.01377734174934e-07
1526 525 2.95046895139916e-07
1527 526 2.87771906040449e-07
1528 527 2.79618179511797e-07
1529 528 2.7065112818922e-07
1530 529 2.60936164707982e-07
1531 530 2.50538701703343e-07
1532 531 2.39524151810566e-07
1533 532 2.27957927664913e-07
1534 533 2.15905441901647e-07
1535 534 2.03432107156028e-07
1536 535 1.9060333606332e-07
1537 536 1.77484541258784e-07
1538 537 1.64141135377683e-07
1539 538 1.50638531055277e-07
1540 539 1.3704214092683e-07
1541 540 1.23417377627604e-07
1542 541 1.0982965379286e-07
1543 542 9.63443820578607e-08
1544 543 8.30269750578679e-08
1545 544 6.99428454281439e-08
1546 545 5.71574058039505e-08
1547 546 4.47360688205499e-08
1548 547 3.27442471132042e-08
1549 548 2.12473533171752e-08
1550 549 1.03108000677252e-08
1551 550 1.16185788839198e-19
1552 551 0
1553 552 0
1554 553 0
1555 554 0
1556 555 0
1557 556 0
1558 557 0
1559 558 0
1560 559 0
1561 560 0
1562 561 0
1563 562 0
1564 563 0
1565 564 0
1566 565 0
1567 566 0
1568 567 0
1569 568 0
1570 569 0
1571 570 0
1572 571 0
1573 572 0
1574 573 0
1575 574 0
1576 575 0
1577 576 0
1578 577 0
1579 578 0
1580 579 0
1581 580 0
1582 581 0
1583 582 0
1584 583 0
1585 584 0
1586 585 0
1587 586 0
1588 587 0
1589 588 0
1590 589 0
1591 590 0
1592 591 0
1593 592 0
1594 593 0
1595 594 0
1596 595 0
1597 596 0
1598 597 0
1599 598 0
1600 599 0
1601 600 0
1602 601 2.58127717703009e-09
1603 602 4.98205344757632e-09
1604 603 7.20702522750707e-09
1605 604 9.26088893272170e-09
1606 605 1.11483409791196e-08
1607 606 1.28740777826001e-08
1608 607 1.44427957590626e-08
1609 608 1.58591913244065e-08
1610 609 1.71279608945311e-08
1611 610 1.82538008853359e-08
1612 611 1.92414077127201e-08
1613 612 2.00954777925832e-08
1614 613 2.08207075408245e-08
1615 614 2.14217933733434e-08
1616 615 2.19034317060393e-08
1617 616 2.22703189548116e-08
1618 617 2.25271515355595e-08
1619 618 2.26786258641826e-08
1620 619 2.27294383565801e-08
1621 620 2.26842854286514e-08
1622 621 2.2547863496296e-08
1623 622 2.23248689754131e-08
1624 623 2.20199982819022e-08
1625 624 2.16379478316626e-08
1626 625 2.11834140405937e-08
1627 626 2.06610933245948e-08
1628 627 2.00756820995654e-08
1629 628 1.94318767814048e-08
1630 629 1.87343737860124e-08
1631 630 1.79878695292875e-08
1632 631 1.71970604271295e-08
1633 632 1.63666428954379e-08
1634 633 1.55013133501119e-08
1635 634 1.46057682070509e-08
1636 635 1.36847038821544e-08
1637 636 1.27428167913216e-08
1638 637 1.1784803350452e-08
1639 638 1.0815359975445e-08
1640 639 9.83918308219976e-09
1641 640 8.86096908661585e-09
1642 641 7.88541440459258e-09
1643 642 6.91721545202931e-09
1644 643 5.96106864482543e-09
1645 644 5.02167039888031e-09
1646 645 4.10371713009332e-09
1647 646 3.21190525436383e-09
1648 647 2.3509311875912e-09
1649 648 1.52549134567482e-09
1650 649 7.40282144514059e-10
1651 650 8.2811119074215e-21
1652 651 0
1653 652 0
1654 653 0
1655 654 0
1656 655 0
1657 656 0
1658 657 0
1659 658 0
1660 659 0
1661 660 0
1662 661 0
1663 662 0
1664 663 0
1665 664 0
1666 665 0
1667 666 0
1668 667 0
1669 668 0
1670 669 0
1671 670 0
1672 671 0
1673 672 0
1674 673 0
1675 674 0
1676 675 0
1677 676 0
1678 677 0
1679 678 0
1680 679 0
1681 680 0
1682 681 0
1683 682 0
1684 683 0
1685 684 0
1686 685 0
1687 686 0
1688 687 0
1689 688 0
1690 689 0
1691 690 0
1692 691 0
1693 692 0
1694 693 0
1695 694 0
1696 695 0
1697 696 0
1698 697 0
1699 698 0
1700 699 0
1701 700 0
1702 701 1.85327388548396e-10
1703 702 3.57695396624923e-10
1704 703 5.17441211556618e-10
1705 704 6.64902020672726e-10
1706 705 8.00415011302495e-10
1707 706 9.24317370775169e-10
1708 707 1.03694628642e-09
1709 708 1.13863894556622e-09
1710 709 1.22973253554308e-09
1711 710 1.31056424367984e-09
1712 711 1.38147125730573e-09
1713 712 1.44279076375e-09
1714 713 1.4948599503419e-09
1715 714 1.53801600441066e-09
1716 715 1.57259611328555e-09
1717 716 1.5989374642958e-09
1718 717 1.61737724477066e-09
1719 718 1.62825264203937e-09
1720 719 1.63190084343119e-09
1721 720 1.62865903627535e-09
1722 721 1.61886440790111e-09
1723 722 1.6028541456377e-09
1724 723 1.58096543681438e-09
1725 724 1.55353546876038e-09
1726 725 1.52090142880497e-09
1727 726 1.48340050427737e-09
1728 727 1.44136988250684e-09
1729 728 1.39514675082263e-09
1730 729 1.34506829655397e-09
1731 730 1.29147170703012e-09
1732 731 1.23469416958032e-09
1733 732 1.17507287153381e-09
1734 733 1.11294500021985e-09
1735 734 1.04864774296768e-09
1736 735 9.82518287106534e-10
1737 736 9.14893819965673e-10
1738 737 8.46111528874336e-10
1739 738 7.7650860116177e-10
1740 739 7.06422224157221e-10
1741 740 6.36189585189936e-10
1742 741 5.66147871589157e-10
1743 742 4.96634270684134e-10
1744 743 4.2798596980411e-10
1745 744 3.60540156278332e-10
1746 745 2.94634017436046e-10
1747 746 2.30604740606497e-10
1748 747 1.68789513118931e-10
1749 748 1.09525522302594e-10
1750 749 5.31499554867316e-11
1751 750 5.89624680385454e-22
1752 751 0
1753 752 0
1754 753 0
1755 754 0
1756 755 0
1757 756 0
1758 757 0
1759 758 0
1760 759 0
1761 760 0
1762 761 0
1763 762 0
1764 763 0
1765 764 0
1766 765 0
1767 766 0
1768 767 0
1769 768 0
1770 769 0
1771 770 0
1772 771 0
1773 772 0
1774 773 0
1775 774 0
1776 775 0
1777 776 0
1778 777 0
1779 778 0
1780 779 0
1781 780 0
1782 781 0
1783 782 0
1784 783 0
1785 784 0
1786 785 0
1787 786 0
1788 787 0
1789 788 0
1790 789 0
1791 790 0
1792 791 0
1793 792 0
1794 793 0
1795 794 0
1796 795 0
1797 796 0
1798 797 0
1799 798 0
1800 799 0
1801 800 0
1802 801 1.33062626507764e-11
1803 802 2.56821051792357e-11
1804 803 3.71517342952961e-11
1805 804 4.77393567090332e-11
1806 805 5.74691791305230e-11
1807 806 6.63654082698412e-11
1808 807 7.44522508370635e-11
1809 808 8.17539135422657e-11
1810 809 8.82946030955236e-11
1811 810 9.40985262069129e-11
1812 811 9.91898895865094e-11
1813 812 1.03592899944389e-10
1814 813 1.07331763990627e-10
1815 814 1.10430688435299e-10
1816 815 1.12913879988482e-10
1817 816 1.14805545360251e-10
1818 817 1.16129891260682e-10
1819 818 1.1691112439985e-10
1820 819 1.17173451487832e-10
1821 820 1.16941079234703e-10
1822 821 1.16238214350538e-10
1823 822 1.15089063545414e-10
1824 823 1.13517833529407e-10
1825 824 1.11548731012592e-10
1826 825 1.09205962705044e-10
1827 826 1.0651373531684e-10
1828 827 1.03496255558056e-10
1829 828 1.00177730138767e-10
1830 829 9.65823657690489e-11
1831 830 9.27343691589775e-11
1832 831 8.86579470186286e-11
1833 832 8.4377306058078e-11
1834 833 7.99166529874014e-11
1835 834 7.53001945166745e-11
1836 835 7.05521373559733e-11
1837 836 6.56966882153734e-11
1838 837 6.07580538049505e-11
1839 838 5.57604408347805e-11
1840 839 5.07280560149392e-11
1841 840 4.56851060555022e-11
1842 841 4.06557976665454e-11
1843 842 3.56643375581445e-11
1844 843 3.07349324403753e-11
1845 844 2.58917890233135e-11
1846 845 2.11591140170349e-11
1847 846 1.65611141316153e-11
1848 847 1.21219960771305e-11
1849 848 7.86596656365615e-12
1850 849 3.8172323012681e-12
1851 850 4.20900838057378e-23
1852 851 0
1853 852 0
1854 853 0
1855 854 0
1856 855 0
1857 856 0
1858 857 0
1859 858 0
1860 859 0
1861 860 0
1862 861 0
1863 862 0
1864 863 0
1865 864 0
1866 865 0
1867 866 0
1868 867 0
1869 868 0
1870 869 0
1871 870 0
1872 871 0
1873 872 0
1874 873 0
1875 874 0
1876 875 0
1877 876 0
1878 877 0
1879 878 0
1880 879 0
1881 880 0
1882 881 0
1883 882 0
1884 883 0
1885 884 0
1886 885 0
1887 886 0
1888 887 0
1889 888 0
1890 889 0
1891 890 0
1892 891 0
1893 892 0
1894 893 0
1895 894 0
1896 895 0
1897 896 0
1898 897 0
1899 898 0
1900 899 0
1901 900 0
1902 901 9.60288562715138e-13
1903 902 1.85407588485549e-12
1904 903 2.68306857822523e-12
1905 904 3.44897325463975e-12
1906 905 4.15349652591444e-12
1907 906 4.79834500386468e-12
1908 907 5.38522530030586e-12
1909 908 5.91584402705335e-12
1910 909 6.39190779592254e-12
1911 910 6.81512321872882e-12
1912 911 7.18719690728757e-12
1913 912 7.50983547341418e-12
1914 913 7.78474552892402e-12
1915 914 8.01363368563249e-12
1916 915 8.19820655535497e-12
1917 916 8.34017074990684e-12
1918 917 8.44123288110349e-12
1919 918 8.5030995607603e-12
1920 919 8.52747740069265e-12
1921 920 8.51607301271594e-12
1922 921 8.47059300864553e-12
1923 922 8.39274400029683e-12
1924 923 8.28423259948521e-12
1925 924 8.14676541802605e-12
1926 925 7.98204906773475e-12
1927 926 7.79179016042668e-12
1928 927 7.57769530791723e-12
1929 928 7.34147112202178e-12
1930 929 7.08482421455573e-12
1931 930 6.80946119733444e-12
1932 931 6.51708868217331e-12
1933 932 6.20941328088773e-12
1934 933 5.88814160529306e-12
1935 934 5.55498026720471e-12
1936 935 5.21163587843805e-12
1937 936 4.85981505080848e-12
1938 937 4.50122439613136e-12
1939 938 4.13757052622213e-12
1940 939 3.77056005289609e-12
1941 940 3.40189958796866e-12
1942 941 3.03329574325524e-12
1943 942 2.66645513057119e-12
1944 943 2.30308436173192e-12
1945 944 1.9448900485528e-12
1946 945 1.59357880284921e-12
1947 946 1.25085723643655e-12
1948 947 9.18431961130191e-13
1949 948 5.98009588745521e-13
1950 949 2.91296731097926e-13
1951 950 2.78739267694413e-24
1952 951 0
1953 952 0
1954 953 0
1955 954 0
1956 955 0
1957 956 0
1958 957 0
1959 958 0
1960 959 0
1961 960 0
1962 961 0
1963 962 0
1964 963 0
1965 964 0
1966 965 0
1967 966 0
1968 967 0
1969 968 0
1970 969 0
1971 970 0
1972 971 0
1973 972 0
1974 973 0
1975 974 0
1976 975 0
1977 976 0
1978 977 0
1979 978 0
1980 979 0
1981 980 0
1982 981 0
1983 982 0
1984 983 0
1985 984 0
1986 985 0
1987 986 0
1988 987 0
1989 988 0
1990 989 0
1991 990 0
1992 991 0
1993 992 0
1994 993 0
1995 994 0
1996 995 0
1997 996 0
1998 997 0
1999 998 0
2000 999 0
2001 1000 0
